0 0.7598 0.577296 0.7598 0.7598 0.7598 0.178672
1 0.7598 1.15459 0.7598 1.5196 0 0.178672
2 0.7598 1.73189 0.7598 2.2794 0 0.178672
3 0.7598 2.30918 0.7598 3.0392 0 0.178672
4 0.7598 2.88648 0.7598 3.799 0 0.178672
5 0.7598 3.46378 0.7598 4.5588 0 0.178672
6 0.7598 4.04107 0.7598 5.3186 0 0.178672
7 0.7596 4.61806 0.7596 6.0782 -0.0002 0.178624
8 0.7594 5.19475 0.7594 6.8376 -0.0002 0.178577
9 0.7589 5.77068 0.7589 7.5965 -0.0005 0.17846
10 0.7583 6.3457 0.7583 8.3548 -0.0006 0.178319
11 0.7579 6.92011 0.7579 9.1127 -0.0004 0.178225
12 0.7572 7.49347 0.7572 9.8699 -0.0007 0.17806
13 0.7564 8.06561 0.7564 10.6263 -0.0008 0.177872
14 0.7557 8.63669 0.7557 11.382 -0.0007 0.177707
15 0.7546 9.20611 0.7546 12.1366 -0.0011 0.177449
16 0.7534 9.77372 0.7534 12.89 -0.0012 0.177167
17 0.7525 10.34 0.7525 13.6425 -0.0009 0.176955
18 0.751 10.904 0.751 14.3935 -0.0015 0.176602
19 0.7499 11.4663 0.7499 15.1434 -0.0011 0.176343
20 0.7481 12.026 0.7481 15.8915 -0.0018 0.17592
21 0.746 12.5825 0.746 16.6375 -0.0021 0.175426
22 0.7446 13.1369 0.7446 17.3821 -0.0014 0.175097
23 0.7421 13.6876 0.7421 18.1242 -0.0025 0.174509
24 0.7403 14.2357 0.7403 18.8645 -0.0018 0.174086
25 0.7374 14.7794 0.7374 19.6019 -0.0029 0.173404
26 0.7341 15.3183 0.7341 20.336 -0.0033 0.172628
27 0.7317 15.8537 0.7317 21.0677 -0.0024 0.172064
28 0.7279 16.3836 0.7279 21.7956 -0.0038 0.17117
29 0.7251 16.9093 0.7251 22.5207 -0.0028 0.170512
30 0.7207 17.4287 0.7207 23.2414 -0.0044 0.169477
31 0.7158 17.9411 0.7158 23.9572 -0.0049 0.168325
32 0.7123 18.4485 0.7123 24.6695 -0.0035 0.167502
33 0.7066 18.9478 0.7066 25.3761 -0.0057 0.166161
34 0.7004 19.4383 0.7004 26.0765 -0.0062 0.164703
35 0.6959 19.9226 0.6959 26.7724 -0.0045 0.163645
36 0.6888 20.3971 0.6888 27.4612 -0.0071 0.161975
37 0.681 20.8608 0.681 28.1422 -0.0078 0.160141
38 0.6756 21.3173 0.6756 28.8178 -0.0054 0.158871
39 0.6668 21.7619 0.6668 29.4846 -0.0088 0.156802
40 0.6574 22.194 0.6574 30.142 -0.0094 0.154592
41 0.6508 22.6176 0.6508 30.7928 -0.0066 0.15304
42 0.6403 23.0276 0.6403 31.4331 -0.0105 0.15057
43 0.6329 23.4281 0.6329 32.066 -0.0074 0.14883
44 0.6213 23.8141 0.6213 32.6873 -0.0116 0.146102
45 0.6088 24.1848 0.6088 33.2961 -0.0125 0.143163
46 0.6001 24.5449 0.6001 33.8962 -0.0087 0.141117
47 0.5865 24.8889 0.5865 34.4827 -0.0136 0.137919
48 0.5769 25.2217 0.5769 35.0596 -0.0096 0.135661
49 0.5619 25.5374 0.5619 35.6215 -0.015 0.132134
50 0.5461 25.8357 0.5461 36.1676 -0.0158 0.128419
51 0.5351 26.122 0.5351 36.7027 -0.011 0.125832
52 0.5179 26.3902 0.5179 37.2206 -0.0172 0.121787
53 0.5059 26.6461 0.5059 37.7265 -0.012 0.118965
54 0.4874 26.8837 0.4874 38.2139 -0.0185 0.114615
55 0.4756 27.1099 0.4756 38.6895 -0.0118 0.11184
56 0.4598 27.3213 0.4598 39.1493 -0.0158 0.108125
57 0.4489 27.5228 0.4489 39.5982 -0.0109 0.105562
58 0.4467 27.7224 0.4467 40.0449 -0.0022 0.105044
59 0.4212 27.8998 0.4212 40.4661 -0.0255 0.0990477
60 0.3659 28.0337 0.3659 40.832 -0.0553 0.0860436
61 0.3512 28.157 0.3512 41.1832 -0.0147 0.0825868
62 0.3414 28.2736 0.3414 41.5246 -0.0098 0.0802823
63 0.3263 28.38 0.3263 41.8509 -0.0151 0.0767314
64 0.3107 28.4766 0.3107 42.1616 -0.0156 0.073063
65 0.2999 28.5665 0.2999 42.4615 -0.0108 0.0705233
66 0.2833 28.6468 0.2833 42.7448 -0.0166 0.0666197
67 0.2661 28.7176 0.2661 43.0109 -0.0172 0.062575
68 0.2482 28.7792 0.2482 43.2591 -0.0179 0.0583657
69 0.236 28.8349 0.236 43.4951 -0.0122 0.0554968
70 0.2172 28.882 0.2172 43.7123 -0.0188 0.0510759
71 0.2044 28.9238 0.2044 43.9167 -0.0128 0.0480659
72 0.1849 28.958 0.1849 44.1016 -0.0195 0.0434803
73 0.1649 28.9852 0.1649 44.2665 -0.02 0.0387772
74 0.1513 29.0081 0.1513 44.4178 -0.0136 0.0355791
75 0.1306 29.0252 0.1306 44.5484 -0.0207 0.0307114
76 0.1096 29.0372 0.1096 44.658 -0.021 0.0257731
77 0.0955 29.0463 0.0955 44.7535 -0.0141 0.0224574
78 0.0741 29.0518 0.0741 44.8276 -0.0214 0.0174251
79 0.0598 29.0554 0.0598 44.8874 -0.0143 0.0140623
80 0.0382 29.0568 0.0382 44.9256 -0.0216 0.00898296
81 0.0166 29.0571 0.0166 44.9422 -0.0216 0.00390359
82 0.0022 29.0571 0.0022 44.9444 -0.0144 0.000517343
83 -0.0193 29.0575 -0.0193 44.9251 -0.0215 -0.00453851
84 -0.0335 29.0586 -0.0335 44.8916 -0.0142 -0.00787773
85 -0.0545 29.0616 -0.0545 44.8371 -0.021 -0.012816
86 -0.0683 29.0662 -0.0683 44.7688 -0.0138 -0.0160612
87 -0.0888 29.0741 -0.0888 44.68 -0.0205 -0.0208819
88 -0.1085 29.0859 -0.1085 44.5715 -0.0197 -0.0255144
89 -0.1214 29.1006 -0.1214 44.4501 -0.0129 -0.0285479
90 -0.1405 29.1204 -0.1405 44.3096 -0.0191 -0.0330394
91 -0.1586 29.1455 -0.1586 44.151 -0.0181 -0.0372957
92 -0.1761 29.1765 -0.1761 43.9749 -0.0175 -0.041411
93 -0.1872 29.2116 -0.1872 43.7877 -0.0111 -0.0440212
94 -0.203 29.2528 -0.203 43.5847 -0.0158 -0.0477367
95 -0.213 29.2981 -0.213 43.3717 -0.01 -0.0500882
96 -0.227 29.3497 -0.227 43.1447 -0.014 -0.0533804
97 -0.2397 29.4071 -0.2397 42.905 -0.0127 -0.0563669
98 -0.2475 29.4684 -0.2475 42.6575 -0.0078 -0.0582011
99 -0.2581 29.535 -0.2581 42.3994 -0.0106 -0.0606938
100 -0.2643 29.6049 -0.2643 42.1351 -0.0062 -0.0621517
101 -0.2723 29.679 -0.2723 41.8628 -0.008 -0.064033
102 -0.2788 29.7567 -0.2788 41.584 -0.0065 -0.0655615
103 -0.2821 29.8363 -0.2821 41.3019 -0.0033 -0.0663375
104 -0.2857 29.9179 -0.2857 41.0162 -0.0036 -0.0671841
105 -0.2876 30.0007 -0.2876 40.7286 -0.0019 -0.0676309
106 -0.2878 30.0835 -0.2878 40.4408 -0.0002 -0.0676779
107 -0.2865 30.1656 -0.2865 40.1543 0.0013 -0.0673722
108 -0.2834 30.2459 -0.2834 39.8709 0.0031 -0.0666432
109 -0.2803 30.3244 -0.2803 39.5906 0.0031 -0.0659142
110 -0.2739 30.3995 -0.2739 39.3167 0.0064 -0.0644092
111 -0.2687 30.4717 -0.2687 39.048 0.0052 -0.0631864
112 -0.2592 30.5389 -0.2592 38.7888 0.0095 -0.0609524
113 -0.2476 30.6002 -0.2476 38.5412 0.0116 -0.0582246
114 -0.239 30.6573 -0.239 38.3022 0.0086 -0.0562023
115 -0.2244 30.7076 -0.2244 38.0778 0.0146 -0.052769
116 -0.2136 30.7533 -0.2136 37.8642 0.0108 -0.0502293
117 -0.1959 30.7916 -0.1959 37.6683 0.0177 -0.0460671
118 -0.1765 30.8228 -0.1765 37.4918 0.0194 -0.041505
119 -0.1627 30.8493 -0.1627 37.3291 0.0138 -0.0382599
120 -0.1406 30.869 -0.1406 37.1885 0.0221 -0.0330629
121 -0.117 30.8827 -0.117 37.0715 0.0236 -0.0275133
122 -0.1005 30.8928 -0.1005 36.971 0.0165 -0.0236332
123 -0.0747 30.8984 -0.0747 36.8963 0.0258 -0.0175662
124 -0.0477 30.9007 -0.0477 36.8486 0.027 -0.0112169
125 -0.0292 30.9015 -0.0292 36.8194 0.0185 -0.00686656
126 -0.0007 30.9015 -0.0007 36.8187 0.0285 -0.000164609
127 0.0285 30.9023 0.0285 36.8472 0.0292 0.00670195
128 0.0483 30.9047 0.0483 36.8955 0.0198 0.011358
129 0.0798 30.911 0.0798 36.9753 0.0315 0.0187654
130 0.1034 30.9217 0.1034 37.0787 0.0236 0.0243151
131 0.1426 30.9421 0.1426 37.2213 0.0392 0.0335332
132 0.1859 30.9766 0.1859 37.4072 0.0433 0.0437155
133 0.2172 31.0238 0.2172 37.6244 0.0313 0.0510759
134 0.2672 31.0952 0.2672 37.8916 0.05 0.0628337
135 0.3179 31.1963 0.3179 38.2095 0.0507 0.0747561
136 0.3509 31.3194 0.3509 38.5604 0.033 0.0825162
137 0.3988 31.4784 0.3988 38.9592 0.0479 0.0937802
138 0.4297 31.6631 0.4297 39.3889 0.0309 0.101047
139 0.4739 31.8877 0.4739 39.8628 0.0442 0.11144
140 0.5151 32.153 0.5151 40.3779 0.0412 0.121129
141 0.541 32.4457 0.541 40.9189 0.0259 0.127219
142 0.5769 32.7785 0.5769 41.4958 0.0359 0.135661
143 0.6088 33.1491 0.6088 42.1046 0.0319 0.143163
144 0.6279 33.5434 0.6279 42.7325 0.0191 0.147654
145 0.6528 33.9695 0.6528 43.3853 0.0249 0.15351
146 0.6668 34.4141 0.6668 44.0521 0.014 0.156802
147 0.6836 34.8814 0.6836 44.7357 0.0168 0.160753
148 0.6954 35.365 0.6954 45.4311 0.0118 0.163527
149 0.7003 35.8554 0.7003 46.1314 0.0049 0.16468
150 0.7032 36.3499 0.7032 46.8346 0.0029 0.165362
151 0.702 36.8427 0.702 47.5366 -0.0012 0.16508
152 0.6954 37.3263 0.6954 48.232 -0.0066 0.163527
153 0.6833 37.7932 0.6833 48.9153 -0.0121 0.160682
154 0.672 38.2448 0.672 49.5873 -0.0113 0.158025
155 0.6502 38.6676 0.6502 50.2375 -0.0218 0.152898
156 0.623 39.0557 0.623 50.8605 -0.0272 0.146502
157 0.6017 39.4177 0.6017 51.4622 -0.0213 0.141493
158 0.5653 39.7373 0.5653 52.0275 -0.0364 0.132934
159 0.5383 40.0271 0.5383 52.5658 -0.027 0.126584
160 0.4938 40.2709 0.4938 53.0596 -0.0445 0.11612
161 0.4443 40.4683 0.4443 53.5039 -0.0495 0.10448
162 0.409 40.6356 0.409 53.9129 -0.0353 0.0961788
163 0.353 40.7602 0.353 54.2659 -0.056 0.0830101
164 0.3136 40.8585 0.3136 54.5795 -0.0394 0.0737449
165 0.2518 40.9219 0.2518 54.8313 -0.0618 0.0592123
166 0.1876 40.9571 0.1876 55.0189 -0.0642 0.0441153
167 0.1209 40.9718 0.1209 55.1398 -0.0667 0.0284304
168 0.0757 40.9775 0.0757 55.2155 -0.0452 0.0178013
169 0.0073 40.9775 0.0073 55.2228 -0.0684 0.00171664
170 -0.0385 40.979 -0.0385 55.1843 -0.0458 -0.00905351
171 -0.1071 40.9905 -0.1071 55.0772 -0.0686 -0.0251852
172 -0.1747 41.021 -0.1747 54.9025 -0.0676 -0.0410818
173 -0.219 41.069 -0.219 54.6835 -0.0443 -0.0514992
174 -0.2836 41.1494 -0.2836 54.3999 -0.0646 -0.0666902
175 -0.3451 41.2685 -0.3451 54.0548 -0.0615 -0.0811523
176 -0.3843 41.4162 -0.3843 53.6705 -0.0392 -0.0903705
177 -0.4396 41.6094 -0.4396 53.2309 -0.0553 -0.103375
178 -0.49 41.8495 -0.49 52.7409 -0.0504 -0.115226
179 -0.5207 42.1207 -0.5207 52.2202 -0.0307 -0.122446
180 -0.5579 42.4319 -0.5579 51.6623 -0.0372 -0.131194
181 -0.5814 42.7699 -0.5814 51.0809 -0.0235 -0.13672
182 -0.589 43.1169 -0.589 50.4919 -0.0076 -0.138507
183 -0.5874 43.4619 -0.5874 49.9045 0.0016 -0.138131
184 -0.5749 43.7924 -0.5749 49.3296 0.0125 -0.135191
185 -0.5622 44.1085 -0.5622 48.7674 0.0127 -0.132205
186 -0.5368 44.3966 -0.5368 48.2306 0.0254 -0.126232
187 -0.5038 44.6504 -0.5038 47.7268 0.033 -0.118472
188 -0.4777 44.8786 -0.4777 47.2491 0.0261 -0.112334
189 -0.4324 45.0656 -0.4324 46.8167 0.0453 -0.101681
190 -0.3803 45.2102 -0.3803 46.4364 0.0521 -0.0894298
191 -0.3419 45.3271 -0.3419 46.0945 0.0384 -0.0803998
192 -0.2792 45.4051 -0.2792 45.8153 0.0627 -0.0656556
193 -0.2344 45.46 -0.2344 45.5809 0.0448 -0.0551206
194 -0.1631 45.4866 -0.1631 45.4178 0.0713 -0.0383539
195 -0.0872 45.4942 -0.0872 45.3306 0.0759 -0.0205056
196 -0.0345 45.4954 -0.0345 45.2961 0.0527 -0.00811288
197 0.0466 45.4976 0.0466 45.3427 0.0811 0.0109583
198 0.1302 45.5146 0.1302 45.4729 0.0836 0.0306173
199 0.1865 45.5493 0.1865 45.6594 0.0563 0.0438566
200 0.2711 45.6228 0.2711 45.9305 0.0846 0.0637508
201 0.3552 45.749 0.3552 46.2857 0.0841 0.0835274
202 0.4104 45.9174 0.4104 46.6961 0.0552 0.096508
203 0.4908 46.1583 0.4908 47.1869 0.0804 0.115415
204 0.5678 46.4807 0.5678 47.7547 0.077 0.133522
205 0.6166 46.8609 0.6166 48.3713 0.0488 0.144997
206 0.685 47.3301 0.685 49.0563 0.0684 0.161082
207 0.7271 47.8588 0.7271 49.7834 0.0421 0.170982
208 0.7839 48.4733 0.7839 50.5673 0.0568 0.184339
209 0.8323 49.166 0.8323 51.3996 0.0484 0.19572
210 0.8717 49.9259 0.8717 52.2713 0.0394 0.204985
211 0.8925 50.7224 0.8925 53.1638 0.0208 0.209877
212 0.9148 51.5593 0.9148 54.0786 0.0223 0.215121
213 0.9261 52.417 0.9261 55.0047 0.0113 0.217778
214 0.9272 53.2767 0.9272 55.9319 0.0011 0.218037
215 0.9189 54.121 0.9189 56.8508 -0.0083 0.216085
216 0.8986 54.9285 0.8986 57.7494 -0.0203 0.211311
217 0.8679 55.6818 0.8679 58.6173 -0.0307 0.204092
218 0.846 56.3975 0.846 59.4633 -0.0219 0.198942
219 0.8109 57.055 0.8109 60.2742 -0.0351 0.190688
220 0.7743 57.6546 0.7743 61.0485 -0.0366 0.182081
221 0.7471 58.2127 0.7471 61.7956 -0.0272 0.175685
222 0.6976 58.6994 0.6976 62.4932 -0.0495 0.164045
223 0.638 59.1064 0.638 63.1312 -0.0596 0.15003
224 0.5686 59.4297 0.5686 63.6998 -0.0694 0.13371
225 0.4902 59.67 0.4902 64.19 -0.0784 0.115273
226 0.4333 59.8578 0.4333 64.6233 -0.0569 0.101893
227 0.3419 59.9747 0.3419 64.9652 -0.0914 0.0803998
228 0.244 60.0342 0.244 65.2092 -0.0979 0.0573781
229 0.1406 60.054 0.1406 65.3498 -0.1034 0.0330629
230 0.0693 60.0588 0.0693 65.4191 -0.0713 0.0162963
231 -0.0398 60.0604 -0.0398 65.3793 -0.1091 -0.00935921
232 -0.1505 60.083 -0.1505 65.2288 -0.1107 -0.035391
233 -0.2244 60.1334 -0.2244 65.0044 -0.0739 -0.052769
234 -0.3339 60.2449 -0.3339 64.6705 -0.1095 -0.0785186
235 -0.4405 60.4389 -0.4405 64.23 -0.1066 -0.103586
236 -0.5093 60.6983 -0.5093 63.7207 -0.0688 -0.119765
237 -0.6073 61.0671 -0.6073 63.1134 -0.098 -0.14281
238 -0.6686 61.5141 -0.6686 62.4448 -0.0613 -0.157225
239 -0.7531 62.0813 -0.7531 61.6917 -0.0845 -0.177096
240 -0.8274 62.7659 -0.8274 60.8643 -0.0743 -0.194568
241 -0.8904 63.5587 -0.8904 59.9739 -0.063 -0.209383
242 -0.9404 64.4431 -0.9404 59.0335 -0.05 -0.221141
243 -0.966 65.3762 -0.966 58.0675 -0.0256 -0.227161
244 -0.9915 66.3593 -0.9915 57.076 -0.0255 -0.233157
245 -1.0012 67.3617 -1.0012 56.0748 -0.0097 -0.235438
246 -0.9985 68.3587 -0.9985 55.0763 0.0027 -0.234803
247 -0.9802 69.3195 -0.9802 54.0961 0.0183 -0.2305
248 -0.9448 70.2121 -0.9448 53.1513 0.0354 -0.222175
249 -0.9116 71.0431 -0.9116 52.2397 0.0332 -0.214368
250 -0.8476 71.7616 -0.8476 51.3921 0.064 -0.199318
251 -0.767 72.3499 -0.767 50.6251 0.0806 -0.180365
252 -0.6687 72.797 -0.6687 49.9564 0.0983 -0.157249
253 -0.5456 73.0947 -0.5456 49.4108 0.1231 -0.128301
254 -0.4502 73.2974 -0.4502 48.9606 0.0954 -0.105867
255 -0.2889 73.3808 -0.2889 48.6717 0.1613 -0.0679366
256 -0.1126 73.3935 -0.1126 48.5591 0.1763 -0.0264786
257 0.0725 73.3988 0.0725 48.6316 0.1851 0.0170488
258 0.1996 73.4386 0.1996 48.8312 0.1271 0.0469371
259 0.3928 73.5929 0.3928 49.224 0.1932 0.0923693
260 0.5873 73.9378 0.5873 49.8113 0.1945 0.138107
261 0.7163 74.4509 0.7163 50.5276 0.129 0.168442
262 0.9052 75.2703 0.9052 51.4328 0.1889 0.212863
263 1.0866 76.451 1.0866 52.5194 0.1814 0.255521
264 1.2019 77.8956 1.2019 53.7213 0.1153 0.282634
265 1.3633 79.7541 1.3633 55.0846 0.1614 0.320588
266 1.5086 82.03 1.5086 56.5932 0.1453 0.354756
267 1.6349 84.7029 1.6349 58.2281 0.1263 0.384457
268 1.707 87.6168 1.707 59.9351 0.0721 0.401411
269 1.7948 90.8381 1.7948 61.7299 0.0878 0.422058
270 1.8563 94.2839 1.8563 63.5862 0.0615 0.43652
271 1.8897 97.8549 1.8897 65.4759 0.0334 0.444374
272 1.8955 101.448 1.8955 67.3714 0.0058 0.445738
273 1.8785 104.977 1.8785 69.2499 -0.017 0.441741
274 1.8498 108.398 1.8498 71.0997 -0.0287 0.434992
275 1.7806 111.569 1.7806 72.8803 -0.0692 0.418719
276 1.68 114.391 1.68 74.5603 -0.1006 0.395062
277 1.5487 116.79 1.5487 76.109 -0.1313 0.364186
278 1.4447 118.877 1.4447 77.5537 -0.104 0.33973
279 1.2657 120.479 1.2657 78.8194 -0.179 0.297637
280 1.0605 121.604 1.0605 79.8799 -0.2052 0.249383
281 0.8315 122.295 0.8315 80.7114 -0.229 0.195532
282 0.6671 122.74 0.6671 81.3785 -0.1644 0.156873
283 0.4063 122.905 0.4063 81.7848 -0.2608 0.0955439
284 0.2242 122.955 0.2242 82.009 -0.1821 0.052722
285 -0.0577 122.959 -0.0577 81.9513 -0.2819 -0.0135685
286 -0.3473 123.079 -0.3473 81.604 -0.2896 -0.0816697
287 -0.5425 123.374 -0.5425 81.0615 -0.1952 -0.127572
288 -0.8336 124.068 -0.8336 80.2279 -0.2911 -0.196026
289 -1.1192 125.321 -1.1192 79.1087 -0.2856 -0.263187
290 -1.4983 127.566 -1.4983 77.6104 -0.3791 -0.352334
291 -1.5461 129.956 -1.5461 76.0643 -0.0478 -0.363575
292 -1.7505 133.021 -1.7505 74.3138 -0.2044 -0.411641
293 -1.9163 136.693 -1.9163 72.3975 -0.1658 -0.450629
294 -2.0111 140.737 -2.0111 70.3864 -0.0948 -0.472922
295 -2.1263 145.259 -2.1263 68.2601 -0.1152 -0.500012
296 -2.2066 150.128 -2.2066 66.0535 -0.0803 -0.518895
297 -2.2393 155.142 -2.2393 63.8142 -0.0327 -0.526585
298 -2.2552 160.228 -2.2552 61.559 -0.0159 -0.530324
299 -2.23 165.201 -2.23 59.329 0.0252 -0.524398
300 -2.1628 169.879 -2.1628 57.1662 0.0672 -0.508595
301 -2.0946 174.266 -2.0946 55.0716 0.0682 -0.492558
302 -1.9578 178.099 -1.9578 53.1138 0.1368 -0.460388
303 -1.7804 181.269 -1.7804 51.3334 0.1774 -0.418672
304 -1.6406 183.96 -1.6406 49.6928 0.1398 -0.385797
305 -1.4009 185.923 -1.4009 48.2919 0.2397 -0.32943
306 -1.1275 187.194 -1.1275 47.1644 0.2734 -0.265138
307 -0.8237 187.873 -0.8237 46.3407 0.3038 -0.193698
308 0.7761 188.475 0.7761 47.1168 1.5998 0.182505
309 1.2024 189.921 1.2024 48.3192 0.4263 0.282752
310 1.6313 192.582 1.6313 49.9505 0.4289 0.38361
311 2.0511 196.789 2.0511 52.0016 0.4198 0.482328
312 2.3222 202.181 2.3222 54.3238 0.2711 0.546079
313 2.7068 209.508 2.7068 57.0306 0.3846 0.63652
314 3.06 218.872 3.06 60.0906 0.3532 0.719577
315 3.3312 229.969 3.3312 63.4218 0.2712 0.783352
316 3.5252 242.396 3.5252 66.947 0.194 0.828972
317 3.7921 256.776 3.7921 70.7391 0.2669 0.891735
318 3.8885 271.896 3.8885 74.6276 0.0964 0.914404
319 4.0152 288.018 4.0152 78.6428 0.1267 0.944198
320 4.0834 304.692 4.0834 82.7262 0.0682 0.960236
321 4.0937 321.451 4.0937 86.8199 0.0103 0.962658
322 4.0531 337.878 4.0531 90.873 -0.0406 0.953111
323 3.9489 353.472 3.9489 94.8219 -0.1042 0.928608
324 3.842 368.233 3.842 98.6639 -0.1069 0.903469
325 3.6362 381.455 3.6362 102.3 -0.2058 0.855074
326 3.3463 392.653 3.3463 105.646 -0.2899 0.786903
327 3.1209 402.393 3.1209 108.767 -0.2254 0.733898
328 2.7393 409.896 2.7393 111.507 -0.3816 0.644163
329 2.311 415.237 2.311 113.818 -0.4283 0.543446
330 1.8412 418.627 1.8412 115.659 -0.4698 0.432969
331 1.5079 420.901 1.5079 117.167 -0.3333 0.354592
332 0.9837 421.869 0.9837 118.15 -0.5242 0.231323
333 0.6206 422.254 0.6206 118.771 -0.3631 0.145938
334 0.0612 422.257 0.0612 118.832 -0.5594 0.0143915
335 -0.5116 422.519 -0.5116 118.321 -0.5728 -0.120306
336 -0.8975 423.325 -0.8975 117.423 -0.3859 -0.211053
337 -1.4755 425.502 -1.4755 115.948 -0.578 -0.346973
338 -1.8579 428.954 -1.8579 114.09 -0.3824 -0.436896
339 -2.4198 434.809 -2.4198 111.67 -0.5619 -0.56903
340 -2.9611 443.577 -2.9611 108.709 -0.5413 -0.69632
341 -3.3053 454.502 -3.3053 105.404 -0.3442 -0.777261
342 -3.7736 468.742 -3.7736 101.63 -0.4683 -0.887385
343 -4.056 485.193 -4.056 97.5739 -0.2824 -0.953793
344 -4.7412 507.672 -4.7412 92.8327 -0.6852 -1.11492
345 -5.1013 533.696 -5.1013 87.7314 -0.3601 -1.1996
346 -5.3074 561.864 -5.3074 82.424 -0.2061 -1.24807
347 -5.5361 592.512 -5.5361 76.8879 -0.2287 -1.30185
348 -6.1187 629.951 -6.1187 70.7692 -0.5826 -1.43885
349 -5.8604 664.295 -5.8604 64.9088 0.2583 -1.37811
350 -5.8115 698.069 -5.8115 59.0973 0.0489 -1.36661
351 -5.8522 732.317 -5.8522 53.2451 -0.0407 -1.37618
352 -5.8564 766.614 -5.8564 47.3887 -0.0042 -1.37717
353 -5.853 800.872 -5.853 41.5357 0.0034 -1.37637
354 -5.7403 833.823 -5.7403 35.7954 0.1127 -1.34987
355 -5.6541 865.792 -5.6541 30.1413 0.0862 -1.3296
356 -5.5356 896.435 -5.5356 24.6057 0.1185 -1.30173
357 -5.4184 925.794 -5.4184 19.1873 0.1172 -1.27417
358 -5.3427 954.338 -5.3427 13.8446 0.0757 -1.25637
359 -5.2457 981.856 -5.2457 8.5989 0.097 -1.23356
360 -5.167 1008.55 -5.167 3.4319 0.0787 -1.21505
361 -5.1003 1034.57 -5.1003 -1.6684 0.0667 -1.19937
362 -5.0702 1060.27 -5.0702 -6.7386 0.0301 -1.19229
363 -5.0426 1085.7 -5.0426 -11.7812 0.0276 -1.1858
364 -5.0343 1111.05 -5.0343 -16.8155 0.0083 -1.18385
365 -5.0364 1136.41 -5.0364 -21.8519 -0.0021 -1.18434
366 -5.0378 1161.79 -5.0378 -26.8897 -0.0014 -1.18467
367 -5.0341 1187.13 -5.0341 -31.9238 0.0037 -1.1838
368 -5.0301 1212.43 -5.0301 -36.9539 0.004 -1.18286
369 -5.0288 1237.72 -5.0288 -41.9827 0.0013 -1.18255
370 -5.0318 1263.04 -5.0318 -47.0145 -0.003 -1.18326
371 -5.0395 1288.44 -5.0395 -52.054 -0.0077 -1.18507
372 -5.0598 1314.04 -5.0598 -57.1138 -0.0203 -1.18984
373 -5.0902 1339.95 -5.0902 -62.204 -0.0304 -1.19699
374 -5.0958 1365.92 -5.0958 -67.2998 -0.0056 -1.19831
375 -5.0902 1391.83 -5.0902 -72.39 0.0056 -1.19699
376 -5.0818 1417.65 -5.0818 -77.4718 0.0084 -1.19502
377 -5.0693 1443.35 -5.0693 -82.5411 0.0125 -1.19208
378 -5.0633 1468.99 -5.0633 -87.6044 0.006 -1.19067
379 -5.0616 1494.61 -5.0616 -92.666 0.0017 -1.19027
380 -5.0621 1520.23 -5.0621 -97.7281 -0.0005 -1.19038
381 -5.066 1545.9 -5.066 -102.794 -0.0039 -1.1913
382 -5.0687 1571.59 -5.0687 -107.863 -0.0027 -1.19194
383 -5.0695 1597.29 -5.0695 -112.932 -0.0008 -1.19212
384 -5.0684 1622.98 -5.0684 -118.001 0.0011 -1.19186
385 -5.0675 1648.66 -5.0675 -123.068 0.0009 -1.19165
386 -5.0671 1674.33 -5.0671 -128.135 0.0004 -1.19156
387 -5.0674 1700.01 -5.0674 -133.203 -0.0003 -1.19163
388 -5.0674 1725.69 -5.0674 -138.27 0 -1.19163
389 -5.0673 1751.37 -5.0673 -143.337 0.0001 -1.19161
390 -5.0673 1777.04 -5.0673 -148.405 0 -1.19161
391 -5.0673 1802.72 -5.0673 -153.472 0 -1.19161
392 -5.0673 1828.4 -5.0673 -158.539 0 -1.19161
393 -5.0673 1854.08 -5.0673 -163.607 0 -1.19161
394 -5.0673 1879.75 -5.0673 -168.674 0 -1.19161
395 -5.0673 1905.43 -5.0673 -173.741 0 -1.19161
396 -5.0673 1931.11 -5.0673 -178.808 0 -1.19161
397 -5.0673 1956.79 -5.0673 -183.876 0 -1.19161
398 -5.0673 1982.46 -5.0673 -188.943 0 -1.19161
399 -5.0673 2008.14 -5.0673 -194.01 0 -1.19161
400 -5.0673 2033.82 -5.0673 -199.078 0 -1.19161
401 -5.0673 2059.5 -5.0673 -204.145 0 -1.19161
402 -5.0673 2085.17 -5.0673 -209.212 0 -1.19161
403 -5.0673 2110.85 -5.0673 -214.28 0 -1.19161
404 -5.0673 2136.53 -5.0673 -219.347 0 -1.19161
405 -5.0673 2162.21 -5.0673 -224.414 0 -1.19161
406 -5.0673 2187.88 -5.0673 -229.481 0 -1.19161
407 -5.0673 2213.56 -5.0673 -234.549 0 -1.19161
408 -5.0673 2239.24 -5.0673 -239.616 0 -1.19161
409 -5.0673 2264.92 -5.0673 -244.683 0 -1.19161
410 -5.0673 2290.59 -5.0673 -249.751 0 -1.19161
411 -5.0673 2316.27 -5.0673 -254.818 0 -1.19161
412 -5.0673 2341.95 -5.0673 -259.885 0 -1.19161
413 -5.0673 2367.63 -5.0673 -264.953 0 -1.19161
414 -5.0673 2393.3 -5.0673 -270.02 0 -1.19161
415 -5.0673 2418.98 -5.0673 -275.087 0 -1.19161
416 -5.0673 2444.66 -5.0673 -280.154 0 -1.19161
417 -5.0673 2470.34 -5.0673 -285.222 0 -1.19161
418 -5.0673 2496.01 -5.0673 -290.289 0 -1.19161
419 -5.0673 2521.69 -5.0673 -295.356 0 -1.19161
420 -5.0673 2547.37 -5.0673 -300.424 0 -1.19161
421 -5.0673 2573.05 -5.0673 -305.491 0 -1.19161
422 -5.0673 2598.72 -5.0673 -310.558 0 -1.19161
423 -5.0673 2624.4 -5.0673 -315.626 0 -1.19161
424 -5.0673 2650.08 -5.0673 -320.693 0 -1.19161
425 -5.0673 2675.76 -5.0673 -325.76 0 -1.19161
426 -5.0673 2701.43 -5.0673 -330.827 0 -1.19161
427 -5.0673 2727.11 -5.0673 -335.895 0 -1.19161
428 -5.0673 2752.79 -5.0673 -340.962 0 -1.19161
429 -5.0673 2778.47 -5.0673 -346.029 0 -1.19161
430 -5.0673 2804.14 -5.0673 -351.097 0 -1.19161
431 -5.0673 2829.82 -5.0673 -356.164 0 -1.19161
432 -5.0673 2855.5 -5.0673 -361.231 0 -1.19161
433 -5.0673 2881.18 -5.0673 -366.299 0 -1.19161
434 -5.0673 2906.86 -5.0673 -371.366 0 -1.19161
435 -5.0673 2932.53 -5.0673 -376.433 0 -1.19161
436 -5.0673 2958.21 -5.0673 -381.5 0 -1.19161
437 -5.0673 2983.89 -5.0673 -386.568 0 -1.19161
438 -5.0673 3009.57 -5.0673 -391.635 0 -1.19161
439 -5.0673 3035.24 -5.0673 -396.702 0 -1.19161
440 -5.0673 3060.92 -5.0673 -401.77 0 -1.19161
441 -5.0673 3086.6 -5.0673 -406.837 0 -1.19161
442 -5.0673 3112.28 -5.0673 -411.904 0 -1.19161
443 -5.0673 3137.95 -5.0673 -416.972 0 -1.19161
444 -5.0673 3163.63 -5.0673 -422.039 0 -1.19161
445 -5.0673 3189.31 -5.0673 -427.106 0 -1.19161
446 -5.0673 3214.99 -5.0673 -432.173 0 -1.19161
447 -5.0673 3240.66 -5.0673 -437.241 0 -1.19161
448 -5.0673 3266.34 -5.0673 -442.308 0 -1.19161
449 -5.0673 3292.02 -5.0673 -447.375 0 -1.19161
450 -5.0673 3317.7 -5.0673 -452.443 0 -1.19161
451 -5.0673 3343.37 -5.0673 -457.51 0 -1.19161
452 -5.0673 3369.05 -5.0673 -462.577 0 -1.19161
453 -5.0673 3394.73 -5.0673 -467.645 0 -1.19161
454 -5.0673 3420.41 -5.0673 -472.712 0 -1.19161
455 -5.0673 3446.08 -5.0673 -477.779 0 -1.19161
456 -5.0673 3471.76 -5.0673 -482.846 0 -1.19161
457 -5.0673 3497.44 -5.0673 -487.914 0 -1.19161
458 -5.0673 3523.12 -5.0673 -492.981 0 -1.19161
459 -5.0673 3548.79 -5.0673 -498.048 0 -1.19161
460 -5.0673 3574.47 -5.0673 -503.116 0 -1.19161
461 -5.0673 3600.15 -5.0673 -508.183 0 -1.19161
462 -5.0673 3625.83 -5.0673 -513.25 0 -1.19161
463 -5.0673 3651.5 -5.0673 -518.318 0 -1.19161
464 -5.0673 3677.18 -5.0673 -523.385 0 -1.19161
465 -5.0673 3702.86 -5.0673 -528.452 0 -1.19161
466 -5.0673 3728.54 -5.0673 -533.519 0 -1.19161
467 -5.0673 3754.21 -5.0673 -538.587 0 -1.19161
468 -5.0673 3779.89 -5.0673 -543.654 0 -1.19161
469 -5.0673 3805.57 -5.0673 -548.721 0 -1.19161
470 -5.0673 3831.25 -5.0673 -553.789 0 -1.19161
471 -5.0673 3856.92 -5.0673 -558.856 0 -1.19161
472 -5.0673 3882.6 -5.0673 -563.923 0 -1.19161
473 -5.0673 3908.28 -5.0673 -568.991 0 -1.19161
474 -5.0673 3933.96 -5.0673 -574.058 0 -1.19161
475 -5.0673 3959.63 -5.0673 -579.125 0 -1.19161
476 -5.0673 3985.31 -5.0673 -584.192 0 -1.19161
477 -5.0673 4010.99 -5.0673 -589.26 0 -1.19161
478 -5.0673 4036.67 -5.0673 -594.327 0 -1.19161
479 -5.0673 4062.34 -5.0673 -599.394 0 -1.19161
480 -5.0673 4088.02 -5.0673 -604.462 0 -1.19161
481 -5.0673 4113.7 -5.0673 -609.529 0 -1.19161
482 -5.0673 4139.38 -5.0673 -614.596 0 -1.19161
483 -5.0673 4165.05 -5.0673 -619.664 0 -1.19161
484 -5.0673 4190.73 -5.0673 -624.731 0 -1.19161
485 -5.0673 4216.41 -5.0673 -629.798 0 -1.19161
486 -5.0673 4242.09 -5.0673 -634.866 0 -1.19161
487 -5.0673 4267.76 -5.0673 -639.933 0 -1.19161
488 -5.0673 4293.44 -5.0673 -645 0 -1.19161
489 -5.0673 4319.12 -5.0673 -650.067 0 -1.19161
490 -5.0673 4344.8 -5.0673 -655.135 0 -1.19161
491 -5.0673 4370.47 -5.0673 -660.202 0 -1.19161
492 -5.0673 4396.15 -5.0673 -665.269 0 -1.19161
493 -5.0673 4421.83 -5.0673 -670.337 0 -1.19161
494 -5.0673 4447.51 -5.0673 -675.404 0 -1.19161
495 -5.0673 4473.18 -5.0673 -680.471 0 -1.19161
496 -5.0673 4498.86 -5.0673 -685.539 0 -1.19161
497 -5.0673 4524.54 -5.0673 -690.606 0 -1.19161
498 -5.0673 4550.22 -5.0673 -695.673 0 -1.19161
499 -5.0673 4575.89 -5.0673 -700.74 0 -1.19161
500 -5.0673 4601.57 -5.0673 -705.808 0 -1.19161
501 -5.0673 4627.25 -5.0673 -710.875 0 -1.19161
502 -5.0673 4652.93 -5.0673 -715.942 0 -1.19161
503 -5.0673 4678.6 -5.0673 -721.01 0 -1.19161
504 -5.0673 4704.28 -5.0673 -726.077 0 -1.19161
505 -5.0673 4729.96 -5.0673 -731.144 0 -1.19161
506 -5.0673 4755.64 -5.0673 -736.212 0 -1.19161
507 -5.0673 4781.31 -5.0673 -741.279 0 -1.19161
508 -5.0673 4806.99 -5.0673 -746.346 0 -1.19161
509 -5.0673 4832.67 -5.0673 -751.413 0 -1.19161
510 -5.0673 4858.35 -5.0673 -756.481 0 -1.19161
511 -5.0673 4884.02 -5.0673 -761.548 0 -1.19161
512 -5.0673 4909.7 -5.0673 -766.615 0 -1.19161
513 -5.0673 4935.38 -5.0673 -771.683 0 -1.19161
514 -5.0673 4961.06 -5.0673 -776.75 0 -1.19161
515 -5.0673 4986.73 -5.0673 -781.817 0 -1.19161
516 -5.0673 5012.41 -5.0673 -786.885 0 -1.19161
517 -5.0673 5038.09 -5.0673 -791.952 0 -1.19161
518 -5.0673 5063.77 -5.0673 -797.019 0 -1.19161
519 -5.0673 5089.45 -5.0673 -802.086 0 -1.19161
520 -5.0673 5115.12 -5.0673 -807.154 0 -1.19161
521 -5.0673 5140.8 -5.0673 -812.221 0 -1.19161
522 -5.0673 5166.48 -5.0673 -817.288 0 -1.19161
523 -5.0673 5192.16 -5.0673 -822.356 0 -1.19161
524 -5.0673 5217.83 -5.0673 -827.423 0 -1.19161
525 -5.0673 5243.51 -5.0673 -832.49 0 -1.19161
526 -5.0673 5269.19 -5.0673 -837.558 0 -1.19161
527 -5.0673 5294.87 -5.0673 -842.625 0 -1.19161
528 -5.0673 5320.54 -5.0673 -847.692 0 -1.19161
529 -5.0673 5346.22 -5.0673 -852.759 0 -1.19161
530 -5.0673 5371.9 -5.0673 -857.827 0 -1.19161
531 -5.0673 5397.58 -5.0673 -862.894 0 -1.19161
532 -5.0673 5423.25 -5.0673 -867.961 0 -1.19161
533 -5.0673 5448.93 -5.0673 -873.029 0 -1.19161
534 -5.0673 5474.61 -5.0673 -878.096 0 -1.19161
535 -5.0673 5500.29 -5.0673 -883.163 0 -1.19161
536 -5.0673 5525.96 -5.0673 -888.231 0 -1.19161
537 -5.0673 5551.64 -5.0673 -893.298 0 -1.19161
538 -5.0673 5577.32 -5.0673 -898.365 0 -1.19161
539 -5.0673 5603 -5.0673 -903.432 0 -1.19161
540 -5.0673 5628.67 -5.0673 -908.5 0 -1.19161
541 -5.0673 5654.35 -5.0673 -913.567 0 -1.19161
542 -5.0673 5680.03 -5.0673 -918.634 0 -1.19161
543 -5.0673 5705.71 -5.0673 -923.702 0 -1.19161
544 -5.0673 5731.38 -5.0673 -928.769 0 -1.19161
545 -5.0673 5757.06 -5.0673 -933.836 0 -1.19161
546 -5.0673 5782.74 -5.0673 -938.904 0 -1.19161
547 -5.0673 5808.42 -5.0673 -943.971 0 -1.19161
548 -5.0673 5834.09 -5.0673 -949.038 0 -1.19161
549 -5.0673 5859.77 -5.0673 -954.105 0 -1.19161
550 -5.0673 5885.45 -5.0673 -959.173 0 -1.19161
551 -5.0673 5911.13 -5.0673 -964.24 0 -1.19161
552 -5.0673 5936.8 -5.0673 -969.307 0 -1.19161
553 -5.0673 5962.48 -5.0673 -974.375 0 -1.19161
554 -5.0673 5988.16 -5.0673 -979.442 0 -1.19161
555 -5.0673 6013.84 -5.0673 -984.509 0 -1.19161
556 -5.0673 6039.51 -5.0673 -989.577 0 -1.19161
557 -5.0673 6065.19 -5.0673 -994.644 0 -1.19161
558 -5.0673 6090.87 -5.0673 -999.711 0 -1.19161
559 -5.0673 6116.55 -5.0673 -1004.78 0 -1.19161
560 -5.0673 6142.22 -5.0673 -1009.85 0 -1.19161
561 -5.0673 6167.9 -5.0673 -1014.91 0 -1.19161
562 -5.0673 6193.58 -5.0673 -1019.98 0 -1.19161
563 -5.0673 6219.26 -5.0673 -1025.05 0 -1.19161
564 -5.0673 6244.93 -5.0673 -1030.11 0 -1.19161
565 -5.0673 6270.61 -5.0673 -1035.18 0 -1.19161
566 -5.0673 6296.29 -5.0673 -1040.25 0 -1.19161
567 -5.0673 6321.97 -5.0673 -1045.32 0 -1.19161
568 -5.0673 6347.64 -5.0673 -1050.38 0 -1.19161
569 -5.0673 6373.32 -5.0673 -1055.45 0 -1.19161
570 -5.0673 6399 -5.0673 -1060.52 0 -1.19161
571 -5.0673 6424.68 -5.0673 -1065.59 0 -1.19161
572 -5.0673 6450.35 -5.0673 -1070.65 0 -1.19161
573 -5.0673 6476.03 -5.0673 -1075.72 0 -1.19161
574 -5.0673 6501.71 -5.0673 -1080.79 0 -1.19161
575 -5.0673 6527.39 -5.0673 -1085.86 0 -1.19161
576 -5.0673 6553.06 -5.0673 -1090.92 0 -1.19161
577 -5.0673 6578.74 -5.0673 -1095.99 0 -1.19161
578 -5.0673 6604.42 -5.0673 -1101.06 0 -1.19161
579 -5.0673 6630.1 -5.0673 -1106.12 0 -1.19161
580 -5.0673 6655.77 -5.0673 -1111.19 0 -1.19161
581 -5.0673 6681.45 -5.0673 -1116.26 0 -1.19161
582 -5.0673 6707.13 -5.0673 -1121.33 0 -1.19161
583 -5.0673 6732.81 -5.0673 -1126.39 0 -1.19161
584 -5.0673 6758.48 -5.0673 -1131.46 0 -1.19161
585 -5.0673 6784.16 -5.0673 -1136.53 0 -1.19161
586 -5.0673 6809.84 -5.0673 -1141.6 0 -1.19161
587 -5.0673 6835.52 -5.0673 -1146.66 0 -1.19161
588 -5.0673 6861.19 -5.0673 -1151.73 0 -1.19161
589 -5.0673 6886.87 -5.0673 -1156.8 0 -1.19161
590 -5.0673 6912.55 -5.0673 -1161.86 0 -1.19161
591 -5.0673 6938.23 -5.0673 -1166.93 0 -1.19161
592 -5.0673 6963.9 -5.0673 -1172 0 -1.19161
593 -5.0673 6989.58 -5.0673 -1177.07 0 -1.19161
594 -5.0673 7015.26 -5.0673 -1182.13 0 -1.19161
595 -5.0673 7040.94 -5.0673 -1187.2 0 -1.19161
596 -5.0673 7066.61 -5.0673 -1192.27 0 -1.19161
597 -5.0673 7092.29 -5.0673 -1197.34 0 -1.19161
598 -5.0673 7117.97 -5.0673 -1202.4 0 -1.19161
599 -5.0673 7143.65 -5.0673 -1207.47 0 -1.19161
600 -5.0673 7169.32 -5.0673 -1212.54 0 -1.19161
601 -5.0673 7195 -5.0673 -1217.61 0 -1.19161
602 -5.0673 7220.68 -5.0673 -1222.67 0 -1.19161
603 -5.0673 7246.36 -5.0673 -1227.74 0 -1.19161
604 -5.0673 7272.04 -5.0673 -1232.81 0 -1.19161
605 -5.0673 7297.71 -5.0673 -1237.87 0 -1.19161
606 -5.0673 7323.39 -5.0673 -1242.94 0 -1.19161
607 -5.0673 7349.07 -5.0673 -1248.01 0 -1.19161
608 -5.0673 7374.75 -5.0673 -1253.08 0 -1.19161
609 -5.0673 7400.42 -5.0673 -1258.14 0 -1.19161
610 -5.0673 7426.1 -5.0673 -1263.21 0 -1.19161
611 -5.0673 7451.78 -5.0673 -1268.28 0 -1.19161
612 -5.0673 7477.46 -5.0673 -1273.35 0 -1.19161
613 -5.0673 7503.13 -5.0673 -1278.41 0 -1.19161
614 -5.0673 7528.81 -5.0673 -1283.48 0 -1.19161
615 -5.0673 7554.49 -5.0673 -1288.55 0 -1.19161
616 -5.0673 7580.17 -5.0673 -1293.61 0 -1.19161
617 -5.0673 7605.84 -5.0673 -1298.68 0 -1.19161
618 -5.0673 7631.52 -5.0673 -1303.75 0 -1.19161
619 -5.0673 7657.2 -5.0673 -1308.82 0 -1.19161
620 -5.0673 7682.88 -5.0673 -1313.88 0 -1.19161
621 -5.0673 7708.55 -5.0673 -1318.95 0 -1.19161
622 -5.0673 7734.23 -5.0673 -1324.02 0 -1.19161
623 -5.0673 7759.91 -5.0673 -1329.09 0 -1.19161
624 -5.0673 7785.59 -5.0673 -1334.15 0 -1.19161
625 -5.0673 7811.26 -5.0673 -1339.22 0 -1.19161
626 -5.0673 7836.94 -5.0673 -1344.29 0 -1.19161
627 -5.0673 7862.62 -5.0673 -1349.35 0 -1.19161
628 -5.0673 7888.3 -5.0673 -1354.42 0 -1.19161
629 -5.0673 7913.97 -5.0673 -1359.49 0 -1.19161
630 -5.0673 7939.65 -5.0673 -1364.56 0 -1.19161
631 -5.0673 7965.33 -5.0673 -1369.62 0 -1.19161
632 -5.0673 7991.01 -5.0673 -1374.69 0 -1.19161
633 -5.0673 8016.68 -5.0673 -1379.76 0 -1.19161
634 -5.0673 8042.36 -5.0673 -1384.83 0 -1.19161
635 -5.0673 8068.04 -5.0673 -1389.89 0 -1.19161
636 -5.0673 8093.72 -5.0673 -1394.96 0 -1.19161
637 -5.0673 8119.39 -5.0673 -1400.03 0 -1.19161
638 -5.0673 8145.07 -5.0673 -1405.1 0 -1.19161
639 -5.0673 8170.75 -5.0673 -1410.16 0 -1.19161
640 -5.0673 8196.43 -5.0673 -1415.23 0 -1.19161
641 -5.0673 8222.1 -5.0673 -1420.3 0 -1.19161
642 -5.0673 8247.78 -5.0673 -1425.36 0 -1.19161
643 -5.0673 8273.46 -5.0673 -1430.43 0 -1.19161
644 -5.0673 8299.14 -5.0673 -1435.5 0 -1.19161
645 -5.0673 8324.81 -5.0673 -1440.57 0 -1.19161
646 -5.0673 8350.49 -5.0673 -1445.63 0 -1.19161
647 -5.0673 8376.17 -5.0673 -1450.7 0 -1.19161
648 -5.0673 8401.85 -5.0673 -1455.77 0 -1.19161
649 -5.0673 8427.52 -5.0673 -1460.84 0 -1.19161
650 -5.0673 8453.2 -5.0673 -1465.9 0 -1.19161
651 -5.0673 8478.88 -5.0673 -1470.97 0 -1.19161
652 -5.0673 8504.56 -5.0673 -1476.04 0 -1.19161
653 -5.0673 8530.23 -5.0673 -1481.1 0 -1.19161
654 -5.0673 8555.91 -5.0673 -1486.17 0 -1.19161
655 -5.0673 8581.59 -5.0673 -1491.24 0 -1.19161
656 -5.0673 8607.27 -5.0673 -1496.31 0 -1.19161
657 -5.0673 8632.94 -5.0673 -1501.37 0 -1.19161
658 -5.0673 8658.62 -5.0673 -1506.44 0 -1.19161
659 -5.0673 8684.3 -5.0673 -1511.51 0 -1.19161
660 -5.0673 8709.98 -5.0673 -1516.58 0 -1.19161
661 -5.0673 8735.65 -5.0673 -1521.64 0 -1.19161
662 -5.0673 8761.33 -5.0673 -1526.71 0 -1.19161
663 -5.0673 8787.01 -5.0673 -1531.78 0 -1.19161
664 -5.0673 8812.69 -5.0673 -1536.84 0 -1.19161
665 -5.0673 8838.36 -5.0673 -1541.91 0 -1.19161
666 -5.0673 8864.04 -5.0673 -1546.98 0 -1.19161
667 -5.0673 8889.72 -5.0673 -1552.05 0 -1.19161
668 -5.0673 8915.4 -5.0673 -1557.11 0 -1.19161
669 -5.0673 8941.07 -5.0673 -1562.18 0 -1.19161
670 -5.0673 8966.75 -5.0673 -1567.25 0 -1.19161
671 -5.0673 8992.43 -5.0673 -1572.32 0 -1.19161
672 -5.0673 9018.11 -5.0673 -1577.38 0 -1.19161
673 -5.0673 9043.78 -5.0673 -1582.45 0 -1.19161
674 -5.0673 9069.46 -5.0673 -1587.52 0 -1.19161
675 -5.0673 9095.14 -5.0673 -1592.59 0 -1.19161
676 -5.0673 9120.82 -5.0673 -1597.65 0 -1.19161
677 -5.0673 9146.49 -5.0673 -1602.72 0 -1.19161
678 -5.0673 9172.17 -5.0673 -1607.79 0 -1.19161
679 -5.0673 9197.85 -5.0673 -1612.85 0 -1.19161
680 -5.0673 9223.53 -5.0673 -1617.92 0 -1.19161
681 -5.0673 9249.2 -5.0673 -1622.99 0 -1.19161
682 -5.0673 9274.88 -5.0673 -1628.06 0 -1.19161
683 -5.0673 9300.56 -5.0673 -1633.12 0 -1.19161
684 -5.0673 9326.24 -5.0673 -1638.19 0 -1.19161
685 -5.0673 9351.91 -5.0673 -1643.26 0 -1.19161
686 -5.0673 9377.59 -5.0673 -1648.33 0 -1.19161
687 -5.0673 9403.27 -5.0673 -1653.39 0 -1.19161
688 -5.0673 9428.95 -5.0673 -1658.46 0 -1.19161
689 -5.0673 9454.63 -5.0673 -1663.53 0 -1.19161
690 -5.0673 9480.3 -5.0673 -1668.59 0 -1.19161
691 -5.0673 9505.98 -5.0673 -1673.66 0 -1.19161
692 -5.0673 9531.66 -5.0673 -1678.73 0 -1.19161
693 -5.0673 9557.34 -5.0673 -1683.8 0 -1.19161
694 -5.0673 9583.01 -5.0673 -1688.86 0 -1.19161
695 -5.0673 9608.69 -5.0673 -1693.93 0 -1.19161
696 -5.0673 9634.37 -5.0673 -1699 0 -1.19161
697 -5.0673 9660.05 -5.0673 -1704.07 0 -1.19161
698 -5.0673 9685.72 -5.0673 -1709.13 0 -1.19161
699 -5.0673 9711.4 -5.0673 -1714.2 0 -1.19161
700 -5.0673 9737.08 -5.0673 -1719.27 0 -1.19161
701 -5.0673 9762.76 -5.0673 -1724.33 0 -1.19161
702 -5.0673 9788.43 -5.0673 -1729.4 0 -1.19161
703 -5.0673 9814.11 -5.0673 -1734.47 0 -1.19161
704 -5.0673 9839.79 -5.0673 -1739.54 0 -1.19161
705 -5.0673 9865.47 -5.0673 -1744.6 0 -1.19161
706 -5.0673 9891.14 -5.0673 -1749.67 0 -1.19161
707 -5.0673 9916.82 -5.0673 -1754.74 0 -1.19161
708 -5.0673 9942.5 -5.0673 -1759.81 0 -1.19161
709 -5.0673 9968.18 -5.0673 -1764.87 0 -1.19161
710 -5.0673 9993.85 -5.0673 -1769.94 0 -1.19161
711 -5.0673 10019.5 -5.0673 -1775.01 0 -1.19161
712 -5.0673 10045.2 -5.0673 -1780.08 0 -1.19161
713 -5.0673 10070.9 -5.0673 -1785.14 0 -1.19161
714 -5.0673 10096.6 -5.0673 -1790.21 0 -1.19161
715 -5.0673 10122.2 -5.0673 -1795.28 0 -1.19161
716 -5.0673 10147.9 -5.0673 -1800.34 0 -1.19161
717 -5.0673 10173.6 -5.0673 -1805.41 0 -1.19161
718 -5.0673 10199.3 -5.0673 -1810.48 0 -1.19161
719 -5.0673 10225 -5.0673 -1815.55 0 -1.19161
720 -5.0673 10250.6 -5.0673 -1820.61 0 -1.19161
721 -5.0673 10276.3 -5.0673 -1825.68 0 -1.19161
722 -5.0673 10302 -5.0673 -1830.75 0 -1.19161
723 -5.0673 10327.7 -5.0673 -1835.82 0 -1.19161
724 -5.0673 10353.3 -5.0673 -1840.88 0 -1.19161
725 -5.0673 10379 -5.0673 -1845.95 0 -1.19161
726 -5.0673 10404.7 -5.0673 -1851.02 0 -1.19161
727 -5.0673 10430.4 -5.0673 -1856.08 0 -1.19161
728 -5.0673 10456 -5.0673 -1861.15 0 -1.19161
729 -5.0673 10481.7 -5.0673 -1866.22 0 -1.19161
730 -5.0673 10507.4 -5.0673 -1871.29 0 -1.19161
731 -5.0673 10533.1 -5.0673 -1876.35 0 -1.19161
732 -5.0673 10558.8 -5.0673 -1881.42 0 -1.19161
733 -5.0673 10584.4 -5.0673 -1886.49 0 -1.19161
734 -5.0673 10610.1 -5.0673 -1891.56 0 -1.19161
735 -5.0673 10635.8 -5.0673 -1896.62 0 -1.19161
736 -5.0673 10661.5 -5.0673 -1901.69 0 -1.19161
737 -5.0673 10687.1 -5.0673 -1906.76 0 -1.19161
738 -5.0673 10712.8 -5.0673 -1911.83 0 -1.19161
739 -5.0673 10738.5 -5.0673 -1916.89 0 -1.19161
740 -5.0673 10764.2 -5.0673 -1921.96 0 -1.19161
741 -5.0673 10789.9 -5.0673 -1927.03 0 -1.19161
742 -5.0673 10815.5 -5.0673 -1932.09 0 -1.19161
743 -5.0673 10841.2 -5.0673 -1937