inf 270.073 0.2 0.004 2.5 0.05 0.0005 0.5
270.073 270.388 0.15 0.004 2.5 0.05 0.0005 0.5
270.073 221.698 0.25 0.004 2.5 0.05 0.0005 0.5
221.698 253.702 0.25 0.0035 2.5 0.055 0.0005 0.5
221.698 215.066 0.25 0.0045 2.5 0.055 0.0005 0.5
215.066 214.254 0.25 0.0045 2 0.055 0.00055 0.5
214.254 225.828 0.195 0.0045 2 0.055 0.00055 0.55
214.254 298.783 0.305 0.0045 2 0.055 0.00055 0.55
214.254 232.471 0.25 0.00395 2 0.0495 0.00055 0.55
214.254 223.789 0.25 0.00505 2 0.0495 0.00055 0.55
214.254 302.89 0.25 0.0045 1.45 0.0495 0.000495 0.55
214.254 214.971 0.25 0.0045 2.55 0.0495 0.000495 0.55
214.254 217.436 0.2005 0.0045 2 0.0495 0.000495 0.495
214.254 264.801 0.2995 0.0045 2 0.0495 0.000495 0.495
214.254 244.112 0.25 0.004005 2 0.04455 0.000495 0.495
214.254 215.837 0.25 0.004995 2 0.04455 0.000495 0.495
214.254 282.965 0.25 0.0045 1.505 0.04455 0.0004455 0.495
214.254 236.375 0.25 0.0045 2.495 0.04455 0.0004455 0.495
214.254 236.222 0.20545 0.0045 2 0.04455 0.0004455 0.4455
214.254 262.143 0.29455 0.0045 2 0.04455 0.0004455 0.4455
214.254 234.465 0.25 0.0040545 2 0.040095 0.0004455 0.4455
214.254 224.196 0.25 0.0049455 2 0.040095 0.0004455 0.4455
214.254 273.521 0.25 0.0045 1.5545 0.040095 0.00040095 0.4455
214.254 220.508 0.25 0.0045 2.4455 0.040095 0.00040095 0.4455
214.254 239.118 0.209905 0.0045 2 0.040095 0.00040095 0.40095
214.254 251.414 0.290095 0.0045 2 0.040095 0.00040095 0.40095
214.254 223.804 0.25 0.00409905 2 0.0360855 0.00040095 0.40095
214.254 235.027 0.25 0.00490095 2 0.0360855 0.00040095 0.40095
214.254 272.05 0.25 0.0045 1.59905 0.0360855 0.000360855 0.40095
214.254 227.853 0.25 0.0045 2.40095 0.0360855 0.000360855 0.40095
214.254 243.917 0.213915 0.0045 2 0.0360855 0.000360855 0.360855
214.254 261.839 0.286086 0.0045 2 0.0360855 0.000360855 0.360855
214.254 218.1 0.25 0.00413915 2 0.032477 0.000360855 0.360855
214.254 208.765 0.25 0.00486086 2 0.032477 0.000360855 0.360855
208.765 240.089 0.25 0.00486086 1.63914 0.032477 0.000396941 0.360855
208.765 227.542 0.25 0.00486086 2.36085 0.032477 0.000396941 0.360855
208.765 233.62 0.217523 0.00486086 2 0.032477 0.000396941 0.32477
208.765 242.759 0.282477 0.00486086 2 0.032477 0.000396941 0.32477
208.765 215.951 0.25 0.00446391 2 0.0292293 0.000396941 0.32477
208.765 217.892 0.25 0.0052578 2 0.0292293 0.000396941 0.32477
208.765 307.74 0.25 0.00486086 1.67523 0.0292293 0.000357246 0.32477
208.765 224.275 0.25 0.00486086 2.32477 0.0292293 0.000357246 0.32477
208.765 242.911 0.220771 0.00486086 2 0.0292293 0.000357246 0.292293
208.765 248.787 0.279229 0.00486086 2 0.0292293 0.000357246 0.292293
208.765 228.855 0.25 0.00450361 2 0.0263063 0.000357246 0.292293
208.765 227.598 0.25 0.0052181 2 0.0263063 0.000357246 0.292293
208.765 245.724 0.25 0.00486086 1.70771 0.0263063 0.000321522 0.292293
208.765 227.056 0.25 0.00486086 2.29229 0.0263063 0.000321522 0.292293
208.765 217.425 0.223694 0.00486086 2 0.0263063 0.000321522 0.263063
inf 283.278 0.25 0.005 2 0.05 0.0005 0.5
283.278 214.726 0.2 0.005 2 0.05 0.0005 0.5
214.726 222.701 0.2 0.0045 2 0.0625 0.0005 0.5
214.726 205.698 0.2 0.0055 2 0.0625 0.0005 0.5
205.698 259.242 0.2 0.0055 1.5 0.0625 0.000625 0.5
205.698 215.19 0.2 0.0055 2.5 0.0625 0.000625 0.5
205.698 249.501 0.1375 0.0055 2 0.0625 0.000625 0.375
205.698 225.371 0.2625 0.0055 2 0.0625 0.000625 0.375
205.698 222.484 0.2 0.004875 2 0.046875 0.000625 0.375
205.698 201.757 0.2 0.006125 2 0.046875 0.000625 0.375
201.757 236.671 0.2 0.006125 1.625 0.046875 0.00078125 0.375
201.757 205.128 0.2 0.006125 2.375 0.046875 0.00078125 0.375
201.757 229.319 0.153125 0.006125 2 0.046875 0.00078125 0.28125
201.757 230.872 0.246875 0.006125 2 0.046875 0.00078125 0.28125
201.757 213.928 0.2 0.00534375 2 0.0351562 0.00078125 0.28125
201.757 195.972 0.2 0.00690625 2 0.0351562 0.00078125 0.28125
195.972 206.09 0.2 0.00690625 1.71875 0.0351562 0.000976562 0.28125
195.972 215.899 0.2 0.00690625 2.28125 0.0351562 0.000976562 0.28125
195.972 221.328 0.164844 0.00690625 2 0.0351562 0.000976562 0.210938
195.972 194.064 0.235156 0.00690625 2 0.0351562 0.000976562 0.210938
194.064 217.604 0.235156 0.00592969 2 0.0439453 0.000976562 0.210938
194.064 189.119 0.235156 0.00788281 2 0.0439453 0.000976562 0.210938
189.119 229.617 0.235156 0.00788281 1.78906 0.0439453 0.0012207 0.210938
189.119 199.923 0.235156 0.00788281 2.21094 0.0439453 0.0012207 0.210938
189.119 194.473 0.191211 0.00788281 2 0.0439453 0.0012207 0.158203
189.119 238.558 0.279102 0.00788281 2 0.0439453 0.0012207 0.158203
189.119 207.828 0.235156 0.00666211 2 0.032959 0.0012207 0.158203
189.119 197.2 0.235156 0.00910352 2 0.032959 0.0012207 0.158203
189.119 224.709 0.235156 0.00788281 1.8418 0.032959 0.000915527 0.158203
189.119 195.852 0.235156 0.00788281 2.1582 0.032959 0.000915527 0.158203
189.119 209.925 0.202197 0.00788281 2 0.032959 0.000915527 0.118652
189.119 223.4 0.268115 0.00788281 2 0.032959 0.000915527 0.118652
189.119 249.572 0.235156 0.00696729 2 0.0247192 0.000915527 0.118652
189.119 244.693 0.235156 0.00879834 2 0.0247192 0.000915527 0.118652
189.119 218.357 0.235156 0.00788281 1.88135 0.0247192 0.000686646 0.118652
189.119 196.642 0.235156 0.00788281 2.11865 0.0247192 0.000686646 0.118652
189.119 199.306 0.210437 0.00788281 2 0.0247192 0.000686646 0.0889893
189.119 247.565 0.259875 0.00788281 2 0.0247192 0.000686646 0.0889893
189.119 200.212 0.235156 0.00719617 2 0.0185394 0.000686646 0.0889893
189.119 192.594 0.235156 0.00856946 2 0.0185394 0.000686646 0.0889893
189.119 202.798 0.235156 0.00788281 1.91101 0.0185394 0.000514984 0.0889893
189.119 200.244 0.235156 0.00788281 2.08899 0.0185394 0.000514984 0.0889893
189.119 207.687 0.216617 0.00788281 2 0.0185394 0.000514984 0.0667419
189.119 211.981 0.253696 0.00788281 2 0.0185394 0.000514984 0.0667419
189.119 205.729 0.235156 0.00736783 2 0.0139046 0.000514984 0.0667419
189.119 198.266 0.235156 0.0083978 2 0.0139046 0.000514984 0.0667419
189.119 200.967 0.235156 0.00788281 1.93326 0.0139046 0.000386238 0.0667419
189.119 196.624 0.235156 0.00788281 2.06674 0.0139046 0.000386238 0.0667419
189.119 200.462 0.221252 0.00788281 2 0.0139046 0.000386238 0.0500565
189.119 210.308 0.249061 0.00788281 2 0.0139046 0.000386238 0.0500565
189.119 206.049 0.235156 0.00749657 2 0.0104284 0.000386238 0.0500565
189.119 218.222 0.235156 0.00826905 2 0.0104284 0.000386238 0.0500565
189.119 203.83 0.235156 0.00788281 1.94994 0.0104284 0.000289679 0.0500565
189.119 193.321 0.235156 0.00788281 2.05006 0.0104284 0.000289679 0.0500565
189.119 191.099 0.224728 0.00788281 2 0.0104284 0.000289679 0.0375423
189.119 203.638 0.245585 0.00788281 2 0.0104284 0.000289679 0.0375423
189.119 214.143 0.235156 0.00759313 2 0.00782132 0.000289679 0.0375423
189.119 190.412 0.235156 0.00817249 2 0.00782132 0.000289679 0.0375423
189.119 197.048 0.235156 0.00788281 1.96246 0.00782132 0.000217259 0.0375423
189.119 190.532 0.235156 0.00788281 2.03754 0.00782132 0.000217259 0.0375423
189.119 201.705 0.227335 0.00788281 2 0.00782132 0.000217259 0.0281568
189.119 209.646 0.242978 0.00788281 2 0.00782132 0.000217259 0.0281568
189.119 225.909 0.235156 0.00766555 2 0.00586599 0.000217259 0.0281568
189.119 197.145 0.235156 0.00810007 2 0.00586599 0.000217259 0.0281568
189.119 210.957 0.235156 0.00788281 1.97184 0.00586599 0.000162944 0.0281568
189.119 204.456 0.235156 0.00788281 2.02816 0.00586599 0.000162944 0.0281568
189.119 199.22 0.22929 0.00788281 2 0.00586599 0.000162944 0.0211176
189.119 221.794 0.241022 0.00788281 2 0.00586599 0.000162944 0.0211176
189.119 197.838 0.235156 0.00771987 2 0.00439949 0.000162944 0.0211176
189.119 194.905 0.235156 0.00804576 2 0.00439949 0.000162944 0.0211176
189.119 215.993 0.235156 0.00788281 1.97888 0.00439949 0.000122208 0.0211176
189.119 253.572 0.235156 0.00788281 2.02112 0.00439949 0.000122208 0.0211176
189.119 256.738 0.230757 0.00788281 2 0.00439949 0.000122208 0.0158382
189.119 224.134 0.239556 0.00788281 2 0.00439949 0.000122208 0.0158382
189.119 221.228 0.235156 0.0077606 2 0.00329962 0.000122208 0.0158382
189.119 196.789 0.235156 0.00800502 2 0.00329962 0.000122208 0.0158382
189.119 206.305 0.235156 0.00788281 1.98416 0.00329962 9.16561e-05 0.0158382
189.119 204.161 0.235156 0.00788281 2.01584 0.00329962 9.16561e-05 0.0158382
189.119 196.79 0.231857 0.00788281 2 0.00329962 9.16561e-05 0.0118786
189.119 188.922 0.238456 0.00788281 2 0.00329962 9.16561e-05 0.0118786
188.922 206.692 0.238456 0.00779116 2 0.00412453 9.16561e-05 0.0118786
188.922 200.453 0.238456 0.00797447 2 0.00412453 9.16561e-05 0.0118786
188.922 201.306 0.238456 0.00788281 1.98812 0.00412453 6.87421e-05 0.0118786
188.922 198.104 0.238456 0.00788281 2.01188 0.00412453 6.87421e-05 0.0118786
188.922 205.788 0.234331 0.00788281 2 0.00412453 6.87421e-05 0.00890897
188.922 198.785 0.24258 0.00788281 2 0.00412453 6.87421e-05 0.00890897
188.922 206.125 0.238456 0.00781407 2 0.00309339 6.87421e-05 0.00890897
188.922 198.818 0.238456 0.00795155 2 0.00309339 6.87421e-05 0.00890897
188.922 205.085 0.238456 0.00788281 1.99109 0.00309339 5.15566e-05 0.00890897
188.922 201.966 0.238456 0.00788281 2.00891 0.00309339 5.15566e-05 0.00890897
188.922 197.491 0.235362 0.00788281 2 0.00309339 5.15566e-05 0.00668173
188.922 194.647 0.241549 0.00788281 2 0.00309339 5.15566e-05 0.00668173
188.922 206.837 0.238456 0.00783126 2 0.00232005 5.15566e-05 0.00668173
188.922 212.092 0.238456 0.00793437 2 0.00232005 5.15566e-05 0.00668173
188.922 199.78 0.238456 0.00788281 1.99332 0.00232005 3.86674e-05 0.00668173
188.922 220.768 0.238456 0.00788281 2.00668 0.00232005 3.86674e-05 0.00668173
188.922 205.291 0.236136 0.00788281 2 0.00232005 3.86674e-05 0.0050113
188.922 200.673 0.240776 0.00788281 2 0.00232005 3.86674e-05 0.0050113
188.922 197.305 0.238456 0.00784415 2 0.00174003 3.86674e-05 0.0050113
188.922 206.273 0.238456 0.00792148 2 0.00174003 3.86674e-05 0.0050113
188.922 208.855 0.238456 0.00788281 1.99499 0.00174003 2.90006e-05 0.0050113
188.922 204.654 0.238456 0.00788281 2.00501 0.00174003 2.90006e-05 0.0050113
188.922 216.531 0.236716 0.00788281 2 0.00174003 2.90006e-05 0.00375847
188.922 202.851 0.240196 0.00788281 2 0.00174003 2.90006e-05 0.00375847
188.922 206.716 0.238456 0.00785381 2 0.00130503 2.90006e-05 0.00375847
188.922 200.334 0.238456 0.00791181 2 0.00130503 2.90006e-05 0.00375847
188.922 214.204 0.238456 0.00788281 1.99624 0.00130503 2.17504e-05 0.00375847
188.922 221.813 0.238456 0.00788281 2.00376 0.00130503 2.17504e-05 0.00375847
188.922 200.502 0.237151 0.00788281 2 0.00130503 2.17504e-05 0.00281886
188.922 209.42 0.239761 0.00788281 2 0.00130503 2.17504e-05 0.00281886
188.922 219.705 0.238456 0.00786106 2 0.000978769 2.17504e-05 0.00281886
188.922 260.142 0.238456 0.00790456 2 0.000978769 2.17504e-05 0.00281886
188.922 230.604 0.238456 0.00788281 1.99718 0.000978769 1.63128e-05 0.00281886
188.922 199.649 0.238456 0.00788281 2.00282 0.000978769 1.63128e-05 0.00281886
188.922 201.267 0.237477 0.00788281 2 0.000978769 1.63128e-05 0.00211414
188.922 203.025 0.239435 0.00788281 2 0.000978769 1.63128e-05 0.00211414
188.922 195.631 0.238456 0.0078665 2 0.000734077 1.63128e-05 0.00211414
188.922 195.752 0.238456 0.00789913 2 0.000734077 1.63128e-05 0.00211414
188.922 199.408 0.238456 0.00788281 1.99789 0.000734077 1.22346e-05 0.00211414
188.922 195.848 0.238456 0.00788281 2.00211 0.000734077 1.22346e-05 0.00211414
188.922 207.63 0.237722 0.00788281 2 0.000734077 1.22346e-05 0.00158561
188.922 207.19 0.23919 0.00788281 2 0.000734077 1.22346e-05 0.00158561
188.922 206.672 0.238456 0.00787058 2 0.000550558 1.22346e-05 0.00158561
188.922 200.623 0.238456 0.00789505 2 0.000550558 1.22346e-05 0.00158561
188.922 196.792 0.238456 0.00788281 1.99841 0.000550558 9.17596e-06 0.00158561
188.922 203.062 0.238456 0.00788281 2.00159 0.000550558 9.17596e-06 0.00158561
188.922 197.979 0.237905 0.00788281 2 0.000550558 9.17596e-06 0.0011892
188.922 199.716 0.239006 0.00788281 2 0.000550558 9.17596e-06 0.0011892
188.922 202.78 0.238456 0.00787364 2 0.000412918 9.17596e-06 0.0011892
188.922 201.269 0.238456 0.00789199 2 0.000412918 9.17596e-06 0.0011892
188.922 212.714 0.238456 0.00788281 1.99881 0.000412918 6.88197e-06 0.0011892
188.922 208.654 0.238456 0.00788281 2.00119 0.000412918 6.88197e-06 0.0011892
188.922 198.382 0.238043 0.00788281 2 0.000412918 6.88197e-06 0.000891903
188.922 206.541 0.238869 0.00788281 2 0.000412918 6.88197e-06 0.000891903
188.922 209.042 0.238456 0.00787593 2 0.000309689 6.88197e-06 0.000891903
188.922 212.944 0.238456 0.00788969 2 0.000309689 6.88197e-06 0.000891903
188.922 201.723 0.238456 0.00788281 1.99911 0.000309689 5.16148e-06 0.000891903
188.922 196.387 0.238456 0.00788281 2.00089 0.000309689 5.16148e-06 0.000891903
188.922 204.56 0.238146 0.00788281 2 0.000309689 5.16148e-06 0.000668928
188.922 197.313 0.238766 0.00788281 2 0.000309689 5.16148e-06 0.000668928
188.922 205.013 0.238456 0.00787765 2 0.000232266 5.16148e-06 0.000668928
188.922 214.957 0.238456 0.00788797 2 0.000232266 5.16148e-06 0.000668928
188.922 203.116 0.238456 0.00788281 1.99933 0.000232266 3.87111e-06 0.000668928
188.922 206.294 0.238456 0.00788281 2.00067 0.000232266 3.87111e-06 0.000668928
188.922 197.91 0.238224 0.00788281 2 0.000232266 3.87111e-06 0.000501696
188.922 205.243 0.238688 0.00788281 2 0.000232266 3.87111e-06 0.000501696
188.922 219.323 0.238456 0.00787894 2 0.0001742 3.87111e-06 0.000501696
188.922 199.952 0.238456 0.00788668 2 0.0001742 3.87111e-06 0.000501696
188.922 211.704 0.238456 0.00788281 1.9995 0.0001742 2.90333e-06 0.000501696
188.922 202.116 0.238456 0.00788281 2.0005 0.0001742 2.90333e-06 0.000501696
188.922 239.908 0.238282 0.00788281 2 0.0001742 2.90333e-06 0.000376272
188.922 256.761 0.23863 0.00788281 2 0.0001742 2.90333e-06 0.000376272
188.922 242.244 0.238456 0.00787991 2 0.00013065 2.90333e-06 0.000376272
188.922 221.899 0.238456 0.00788572 2 0.00013065 2.90333e-06 0.000376272
188.922 210.508 0.238456 0.00788281 1.99962 0.00013065 2.1775e-06 0.000376272
188.922 203.402 0.238456 0.00788281 2.00038 0.00013065 2.1775e-06 0.000376272
188.922 205.717 0.238325 0.00788281 2 0.00013065 2.1775e-06 0.000282204
188.922 206.725 0.238587 0.00788281 2 0.00013065 2.1775e-06 0.000282204
188.922 199.041 0.238456 0.00788064 2 9.79874e-05 2.1775e-06 0.000282204
188.922 200.962 0.238456 0.00788499 2 9.79874e-05 2.1775e-06 0.000282204
188.922 190.609 0.238456 0.00788281 1.99972 9.79874e-05 1.63312e-06 0.000282204
188.922 206.295 0.238456 0.00788281 2.00028 9.79874e-05 1.63312e-06 0.000282204
188.922 188.776 0.238358 0.00788281 2 9.79874e-05 1.63312e-06 0.000211653
188.776 206.169 0.238358 0.00788118 2 0.000122484 1.63312e-06 0.000211653
188.776 205.415 0.238358 0.00788445 2 0.000122484 1.63312e-06 0.000211653
188.776 199.996 0.238358 0.00788281 1.99979 0.000122484 1.22484e-06 0.000211653
188.776 203.996 0.238358 0.00788281 2.00021 0.000122484 1.22484e-06 0.000211653
188.776 212.83 0.238235 0.00788281 2 0.000122484 1.22484e-06 0.00015874
188.776 207.648 0.23848 0.00788281 2 0.000122484 1.22484e-06 0.00015874
188.776 214.173 0.238358 0.00788159 2 9.18632e-05 1.22484e-06 0.00015874
188.776 208.762 0.238358 0.00788404 2 9.18632e-05 1.22484e-06 0.00015874
188.776 197.848 0.238358 0.00788281 1.99984 9.18632e-05 9.18632e-07 0.00015874
188.776 195.162 0.238358 0.00788281 2.00016 9.18632e-05 9.18632e-07 0.00015874
188.776 203.224 0.238266 0.00788281 2 9.18632e-05 9.18632e-07 0.000119055
188.776 205.774 0.23845 0.00788281 2 9.18632e-05 9.18632e-07 0.000119055
188.776 206.687 0.238358 0.00788189 2 6.88974e-05 9.18632e-07 0.000119055
188.776 191.442 0.238358 0.00788373 2 6.88974e-05 9.18632e-07 0.000119055
188.776 193.229 0.238358 0.00788281 1.99988 6.88974e-05 6.88974e-07 0.000119055
188.776 202.111 0.238358 0.00788281 2.00012 6.88974e-05 6.88974e-07 0.000119055
188.776 201.272 0.238289 0.00788281 2 6.88974e-05 6.88974e-07 8.9291e-05
188.776 205.016 0.238427 0.00788281 2 6.88974e-05 6.88974e-07 8.9291e-05
188.776 218.112 0.238358 0.00788212 2 5.16731e-05 6.88974e-07 8.9291e-05
188.776 200.431 0.238358 0.0078835 2 5.16731e-05 6.88974e-07 8.9291e-05
188.776 215.305 0.238358 0.00788281 1.99991 5.16731e-05 5.16731e-07 8.9291e-05
188.776 197.603 0.238358 0.00788281 2.00009 5.16731e-05 5.16731e-07 8.9291e-05
188.776 198.889 0.238306 0.00788281 2 5.16731e-05 5.16731e-07 6.69683e-05
188.776 216.978 0.23841 0.00788281 2 5.16731e-05 5.16731e-07 6.69683e-05
188.776 195.644 0.238358 0.0078823 2 3.87548e-05 5.16731e-07 6.69683e-05
188.776 206.462 0.238358 0.00788333 2 3.87548e-05 5.16731e-07 6.69683e-05
188.776 203.69 0.238358 0.00788281 1.99993 3.87548e-05 3.87548e-07 6.69683e-05
188.776 222.088 0.238358 0.00788281 2.00007 3.87548e-05 3.87548e-07 6.69683e-05
